{
	"rows_default": [
		["12Go.Asia","249","443","215","597","570","683 018.38 ₽","683 018.38 ₽"],
		["Autoeurope.com","293","256","599","286","394","828 902.81 ₽","828 902.81 ₽"],
		["Aviasales / Jetradar","233","241","523","500","274","568 984.80 ₽","568 984.80 ₽"]
	],
	"id_default": [44, 90, 100],
	"rows_sort_second": [
		["Autoeurope.com","293","256","599","286","394","828 902.81 ₽","828 902.81 ₽"],
		["12Go.Asia","249","443","215","597","570","683 018.38 ₽","683 018.38 ₽"],
		["Aviasales / Jetradar","233","241","523","500","274","568 984.80 ₽","568 984.80 ₽"]
	],
	"rows_sort_second_asc": [
		["Aviasales / Jetradar","233","241","523","500","274","568 984.80 ₽","568 984.80 ₽"],
		["12Go.Asia","249","443","215","597","570","683 018.38 ₽","683 018.38 ₽"],
		["Autoeurope.com","293","256","599","286","394","828 902.81 ₽","828 902.81 ₽"]
	],
	"rows_sort_pinned": [
		["12Go.Asia","249","443","215","597","570","683 018.38 ₽","683 018.38 ₽"],
		["Aviasales / Jetradar","233","241","523","500","274","568 984.80 ₽","568 984.80 ₽"],
		["Autoeurope.com","293","256","599","286","394","828 902.81 ₽","828 902.81 ₽"]
	]
}
